segment,stimulus_id,respondent_idx,sample_idx,P1,P2,P3,P4,P5,E
naturalniki_bez_khimii,BL1,1,1,0.065997,0.294805,0.169702,0.398910,0.070585,3.113281
naturalniki_bez_khimii,BL1,1,2,0.072629,0.173240,0.149404,0.415481,0.189246,3.475474
naturalniki_bez_khimii,BL1,2,1,0.179087,0.306495,0.110247,0.230013,0.174158,2.913661
naturalniki_bez_khimii,BL1,2,2,0.267869,0.329322,0.115834,0.120375,0.166599,2.588513
naturalniki_bez_khimii,BL1,3,1,0.104316,0.249924,0.199555,0.397346,0.048860,3.036511
naturalniki_bez_khimii,BL1,3,2,0.085688,0.245751,0.225950,0.387772,0.054840,3.080324
naturalniki_bez_khimii,BL1,4,1,0.059541,0.263511,0.115538,0.480205,0.081206,3.260025
naturalniki_bez_khimii,BL1,4,2,0.130764,0.260056,0.108195,0.288368,0.212617,3.192019
naturalniki_bez_khimii,BL2,1,1,0.159346,0.378178,0.214168,0.243309,0.004998,2.556434
naturalniki_bez_khimii,BL2,1,2,0.161168,0.328972,0.140617,0.305873,0.063370,2.781304
naturalniki_bez_khimii,BL2,2,1,0.152789,0.334383,0.231974,0.278342,0.002512,2.643404
naturalniki_bez_khimii,BL2,2,2,0.224750,0.347025,0.182518,0.242844,0.002863,2.452045
naturalniki_bez_khimii,BL2,3,1,0.072736,0.217640,0.251287,0.444175,0.014162,3.109388
naturalniki_bez_khimii,BL2,3,2,0.088226,0.293212,0.224532,0.368192,0.025838,2.950202
naturalniki_bez_khimii,BL2,4,1,0.005416,0.202539,0.180868,0.516606,0.094571,3.492377
naturalniki_bez_khimii,BL2,4,2,0.068519,0.302546,0.208428,0.417297,0.003211,2.984135
naturalniki_bez_khimii,BL3,1,1,0.328229,0.503580,0.059739,0.070785,0.037667,1.986079
naturalniki_bez_khimii,BL3,1,2,0.316195,0.409803,0.031875,0.084370,0.157757,2.357693
naturalniki_bez_khimii,BL3,2,1,0.301040,0.402728,0.044420,0.063080,0.188732,2.435736
naturalniki_bez_khimii,BL3,2,2,0.290433,0.395255,0.126352,0.185779,0.002181,2.214019
naturalniki_bez_khimii,BL3,3,1,0.367431,0.439824,0.003244,0.082561,0.106940,2.121756
naturalniki_bez_khimii,BL3,3,2,0.107449,0.377118,0.086062,0.332172,0.097199,2.934554
naturalniki_bez_khimii,BL3,4,1,0.310749,0.411014,0.081488,0.192446,0.004303,2.168539
naturalniki_bez_khimii,BL3,4,2,0.357153,0.458546,0.050791,0.100130,0.033381,1.994040
naturalniki_bez_khimii,BL4,1,1,0.384411,0.396464,0.137835,0.079232,0.002058,1.918064
naturalniki_bez_khimii,BL4,1,2,0.372163,0.406012,0.143267,0.076206,0.002353,1.930575
naturalniki_bez_khimii,BL4,2,1,0.393725,0.348191,0.185807,0.069730,0.002547,1.939185
naturalniki_bez_khimii,BL4,2,2,0.424514,0.416281,0.136737,0.003731,0.018737,1.775898
naturalniki_bez_khimii,BL4,3,1,0.333006,0.355293,0.210086,0.099333,0.002282,2.082591
naturalniki_bez_khimii,BL4,3,2,0.430714,0.348724,0.112466,0.009262,0.098834,1.996778
naturalniki_bez_khimii,BL4,4,1,0.396876,0.387163,0.118458,0.013271,0.084232,2.000820
naturalniki_bez_khimii,BL4,4,2,0.442326,0.420746,0.085653,0.025478,0.025796,1.771673
naturalniki_bez_khimii,BL5,1,1,0.353639,0.488247,0.046347,0.099979,0.011787,1.928028
naturalniki_bez_khimii,BL5,1,2,0.223558,0.395829,0.141559,0.235649,0.003405,2.399514
naturalniki_bez_khimii,BL5,2,1,0.164270,0.324866,0.087317,0.303977,0.119569,2.889709
naturalniki_bez_khimii,BL5,2,2,0.290003,0.480454,0.075405,0.142873,0.011264,2.104941
naturalniki_bez_khimii,BL5,3,1,0.242030,0.391166,0.144503,0.219136,0.003165,2.350240
naturalniki_bez_khimii,BL5,3,2,0.307295,0.429941,0.101103,0.143902,0.017758,2.134887
naturalniki_bez_khimii,BL5,4,1,0.168349,0.399412,0.121374,0.272987,0.037877,2.612633
naturalniki_bez_khimii,BL5,4,2,0.368704,0.444976,0.052249,0.098544,0.035526,1.987211
razocharovannye_veterany,BL1,1,1,0.277382,0.363453,0.139664,0.175849,0.043652,2.344935
razocharovannye_veterany,BL1,1,2,0.186287,0.401201,0.139367,0.233304,0.039841,2.539212
razocharovannye_veterany,BL1,2,1,0.284058,0.355749,0.152806,0.204219,0.003168,2.286689
razocharovannye_veterany,BL1,2,2,0.233120,0.366713,0.179272,0.218529,0.002366,2.390308
razocharovannye_veterany,BL1,3,1,0.354345,0.367383,0.093203,0.109148,0.075921,2.184915
razocharovannye_veterany,BL1,3,2,0.208623,0.301738,0.173021,0.234113,0.082505,2.680139
razocharovannye_veterany,BL1,4,1,0.226426,0.320336,0.211482,0.238356,0.003400,2.471967
razocharovannye_veterany,BL1,4,2,0.268412,0.394879,0.112938,0.194648,0.029124,2.321192
razocharovannye_veterany,BL2,1,1,0.074128,0.168929,0.121269,0.514741,0.120933,3.439424
razocharovannye_veterany,BL2,1,2,0.174376,0.357824,0.157579,0.292195,0.018026,2.621673
razocharovannye_veterany,BL2,2,1,0.036901,0.212605,0.265694,0.438707,0.046093,3.244487
razocharovannye_veterany,BL2,2,2,0.134466,0.356744,0.114671,0.333023,0.061096,2.829539
razocharovannye_veterany,BL2,3,1,0.180578,0.223595,0.112356,0.276831,0.206639,3.105358
razocharovannye_veterany,BL2,3,2,0.127711,0.244976,0.188110,0.215667,0.223536,3.162343
razocharovannye_veterany,BL2,4,1,0.039989,0.269332,0.085754,0.499406,0.105518,3.361131
razocharovannye_veterany,BL2,4,2,0.084950,0.242553,0.056610,0.351563,0.264323,3.467756
razocharovannye_veterany,BL3,1,1,0.260526,0.365822,0.003618,0.202469,0.167565,2.650725
razocharovannye_veterany,BL3,1,2,0.380097,0.345494,0.026421,0.131814,0.116174,2.258474
razocharovannye_veterany,BL3,2,1,0.337089,0.434601,0.044115,0.162168,0.022027,2.097445
razocharovannye_veterany,BL3,2,2,0.357514,0.432337,0.037176,0.102396,0.070576,2.096184
razocharovannye_veterany,BL3,3,1,0.392835,0.385291,0.022227,0.086757,0.112891,2.141577
razocharovannye_veterany,BL3,3,2,0.365687,0.424274,0.012212,0.110371,0.087457,2.129638
razocharovannye_veterany,BL3,4,1,0.333931,0.451857,0.075978,0.124444,0.013790,2.032304
razocharovannye_veterany,BL3,4,2,0.332932,0.421915,0.090708,0.151430,0.003014,2.069680
razocharovannye_veterany,BL4,1,1,0.339207,0.358077,0.182589,0.110481,0.009646,2.093282
razocharovannye_veterany,BL4,1,2,0.348880,0.364888,0.180695,0.103356,0.002181,2.045071
razocharovannye_veterany,BL4,2,1,0.402962,0.348276,0.157079,0.079440,0.012243,1.949726
razocharovannye_veterany,BL4,2,2,0.333946,0.282495,0.084211,0.167006,0.132341,2.481299
razocharovannye_veterany,BL4,3,1,0.356700,0.372760,0.132521,0.124687,0.013332,2.065192
razocharovannye_veterany,BL4,3,2,0.330444,0.321455,0.249394,0.090976,0.007730,2.124093
razocharovannye_veterany,BL4,4,1,0.426451,0.382856,0.134141,0.054570,0.001983,1.822778
razocharovannye_veterany,BL4,4,2,0.398433,0.351709,0.131081,0.038075,0.080702,2.050902
razocharovannye_veterany,BL5,1,1,0.340747,0.443998,0.041468,0.131835,0.041952,2.090248
razocharovannye_veterany,BL5,1,2,0.307236,0.397372,0.120213,0.161229,0.013949,2.177283
razocharovannye_veterany,BL5,2,1,0.362276,0.417625,0.081795,0.116442,0.021863,2.017991
razocharovannye_veterany,BL5,2,2,0.310015,0.423896,0.093196,0.150036,0.022857,2.151823
razocharovannye_veterany,BL5,3,1,0.275287,0.425807,0.045772,0.143548,0.109585,2.386337
razocharovannye_veterany,BL5,3,2,0.379912,0.340091,0.060044,0.057186,0.162766,2.282804
razocharovannye_veterany,BL5,4,1,0.349265,0.432495,0.088857,0.101269,0.028115,2.026473
razocharovannye_veterany,BL5,4,2,0.356192,0.418573,0.125654,0.097158,0.002422,1.971045
